1
14
38
68
66
62
60
76
75
71
83
96
84
105
89
105
97
89
110
94
88
71
84
83
81
69
78
78
74
65
66
70
68
69
81
87
74
70
69
77
70
75
71
74
76
70
59
78
83
69
78
60
66
47
68
73
62
76
78
77
95
58
89
86
85
105
113
125
138
184
176
194
203
273
265
291
274
289
261
250
241
252
243
230
200
185
164
165
157
143
140
122
103
109
98
87
72
112
92
78
88
93
81
71
74
63
103
76
66
72
71
62
82
76
84
66
72
75
62
66
55
78
63
85
64
71
83
63
88
77
67
69
75
96
68
71
76
63
93
73
74
88
57
69
81
68
80
65
61
62
101
78
89
76
93
62
70
74
79
70
83
73
80
85
94
83
54
62
75
78
82
66
76
74
84
89
67
60
74
56
86
61
72
79
67
80
69
80
67
70
87
71
69
66
61
81
75
71
76
80
80
74
75
80
69
75
60
79
74
73
87
59
73
76
85
83
68
83
71
77
89
63
93
86
77
73
86
69
76
66
83
79
72
79
83
71
77
60
68
70
87
78
87
59
64
77
77
86
66
80
72
70
69
80
86
83
78
73
81
75
94
77
85
78
78
82
84
77
76
66
98
75
70
108
76
76
77
83
82
81
72
85
86
73
87
76
86
80
80
71
73
80
71
79
78
93
80
81
82
83
74
83
81
97
98
90
92
79
95
81
92
103
74
80
73
74
83
81
98
108
100
78
73
86
77
82
93
82
67
103
74
88
89
80
82
89
75
85
92
85
99
74
89
76
88
96
79
64
75
77
78
88
86
84
73
81
81
76
75
74
87
93
75
93
73
76
86
97
87
88
91
65
83
82
94
70
84
96
86
72
88
83
79
88
82
66
80
103
90
88
86
91
84
88
87
79
80
72
86
87
78
78
97
89
73
82
81
77
94
80
73
85
86
76
97
84
76
69
71
78
88
80
98
85
102
78
82
104
72
79
101
90
86
98
81
90
93
95
93
114
105
111
107
106
97
110
94
98
102
108
112
125
94
119
97
121
105
117
120
119
102
110
120
121
138
130
113
127
121
132
144
121
117
120
129
137
119
126
111
140
122
118
104
122
129
124
118
113
134
106
116
125
119
125
110
134
122
159
122
124
108
129
119
126
142
101
124
128
137
127
128
121
120
124
128
132
118
115
105
105
125
129
120
124
128
109
125
102
136
99
145
111
111
109
114
86
129
121
122
118
122
110
123
136
111
103
127
126
131
101
93
117
104
114
100
107
101
109
122
110
109
101
142
103
120
99
117
106
107
99
106
104
98
100
115
117
114
99
99
90
120
98
96
86
92
93
84
97
109
84
121
98
87
115
101
97
95
107
106
105
100
119
88
108
86
98
93
126
99
113
82
97
94
88
101
76
82
109
89
114
105
91
90
84
81
86
93
80
86
94
74
86
94
84
86
96
98
92
79
80
79
93
73
86
87
100
102
83
85
87
78
101
81
108
91
88
103
103
77
93
97
88
87
86
80
107
80
75
74
84
96
74
74
84
85
90
73
80
96
89
91
85
100
70
89
66
67
80
87
84
90
75
91
86
90
84
79
92
74
80
78
72
77
88
80
74
88
63
79
74
79
89
66
92
86
82
68
87
82
89
74
80
75
76
73
84
80
93
67
76
78
86
75
70
87
92
79
66
74
67
73
68
80
73
76
72
67
67
79
77
79
71
62
76
71
74
86
60
68
64
81
83
70
65
88
70
72
60
77
76
78
75
73
65
72
73
68
69
71
67
82
64
60
68
76
65
72
63
70
64
57
76
56
87
75
73
80
69
63
65
90
58
56
55
57
68
75
58
56
72
68
66
78
72
99
67
65
75
61
58
65
59
49
57
68
54
78
69
62
59
61
57
72
61
74
59
83
60
64
55
54
74
85
64
67
60
67
76
54
57
66
64
56
71
74
79
74
54
67
53
81
52
65
61
58
78
52
54
57
66
68
67
65
63
42
64
62
67
53
75
70
61
56
66
61
67
68
61
57
50
51
65
66
67
71
69
59
57
69
51
55
74
66
65
66
67
53
74
52
75
61
76
39
57
58
65
65
44
65
76
53
51
73
48
60
65
51
70
63
66
52
54
59
71
51
45
60
68
65
48
57
64
69
63
44
69
52
54
56
55
64
69
70
62
67
61
70
51
60
47
57
61
47
57
65
61
47
72
64
53
52
49
59
50
52
51
53
54
71
60
52
48
55
65
66
65
58
51
53
55
52
79
46
56
58
69
54
32
52
64
57
51
56
61
63
60
53
53
72
66
49
48
50
59
56
51
59
55
52
66
48
61
60
58
47
67
62
60
61
55
64
61
44
44
61
60
62
51
48
54
65
65
51
47
50
59
61
55
59
63
58
68
59
67
38
53
60
48
50
57
46
57
58
58
51
52
61
51
56
57
58
52
64
56
48
55
55
54
42
64
68
58
65
61
49
57
50
51
57
56
51
54
50
50
65
58
60
63
43
43
57
52
52
52
51
60
62
56
59
57
60
61
50
40
48
40
44
44
59
51
73
49
54
52
39
57
42
53
61
51
63
46
43
45
49
41
39
36
53
42
37
47
36
47
57
37
35
38
43
43
30
42
41
39
34
37
35
43
36
31
31
32
35
43
37
29
34
18
38
30
31
23
20
35
31
32
31
29
28
27
30
24
21
29
34
21
23
24
26
26
17
15
22
19
24
26
21
15
25
27
19
30
24
15
26
25
21
17
27
28
36
21
16
20
19
23
20
30
24
25
20
18
25
25
16
22
27
15
13
16
21
21
17
28
25
16
9
22
18
20
17
20
16
30
13
20
9
16
16
15
21
15
23
17
22
21
18
20
16
18
17
20
23
13
20
12
23
22
20
16
12
13
21
12
12
14
16
14
11
22
17
12
14
13
18
11
15
19
22
13
11
12
15
20
24
12
20
13
13
10
13
13
11
14
20
16
20
11
16
13
13
10
15
13
12
18
11
12
20
10
16
8
13
25
22
20
12
18
10
12
17
21
18
14
21
19
11
16
13
11
15
18
9
11
13
13
15
13
18
6
16
17
14
15
14
15
18
11
17
11
7
11
15
11
14
12
13
21
9
19
21
16
9
20
11
11
13
16
12
14
19
15
14
8
12
7
12
16
23
16
14
15
13
14
13
19
14
9
13
17
20
10
10
10
13
19
13
7
22
8
15
17
13
14
24
17
8
23
9
12
13
13
13
10
13
15
20
15
23
13
10
15
8
15
6
11
12
15
8
17
12
10
12
12
13
11
6
10
13
13
16
10
19
10
15
17
7
16
26
13
14
20
7
13
7
13
13
11
14
12
11
17
12
10
18
14
9
18
15
11
10
15
17
18
14
12
14
15
16
15
14
14
16
9
12
14
9
14
14
17
19
18
13
21
28
28
23
16
24
17
27
29
37
27
28
34
31
26
35
43
32
47
44
54
63
59
68
70
82
81
104
115
101
123
125
110
151
144
171
172
164
223
219
213
228
238
273
279
323
364
355
349
408
437
433
443
470
513
545
596
613
556
581
642
703
741
719
798
759
855
840
825
846
871
962
975
948
992
976
975
1025
999
993
1031
1059
951
1077
1050
1021
1024
991
1030
1014
1071
1000
1047
977
961
919
1014
938
884
865
900
858
824
837
801
734
716
678
650
686
641
622
562
550
554
538
454
451
415
376
413
400
322
319
303
299
277
245
211
223
192
168
181
134
153
153
137
124
106
120
100
84
67
69
58
56
48
54
47
37
26
28
32
30
16
22
27
18
18
19
7
15
9
3
13
7
6
2
5
5
3
3
3
1
3
2
2
3
0
2
0
1
1
4
0
1
0
1
0
0
0
0
0
1
1
0
0
0
0
0
0
0
0
0
0
0
0
0
0
0
0
0
0
0
0
0
0
0
0
0
0
0
0
0
0
0
0
0
0
0
0
0
0
0
0
0
0
0
0
0
0
0
0
0
0
0
0
0
0
0
0
0
0
0
0
0
0
0
0
0
0
0
0
0
0
0
0
0
0
0
0
0
0
0
0
0
0
0
0
0
0
0
0
0
0
0
0
0
0
0
0
0
0
0
0
0
0
0
0
0
0
0
0
0
0
0
0
0
0
0
0
0
0
0
0
0
0
0
0
0
0
0
0
0
0
0
0
0
0
0
0
0
0
0
0
0
0
0
0
0
0
0
0
0
0
0
0
0
0
0
0
0
0
0
0
0
0
0
0
0
0
0
0
0
0
0
0
0
0
0
0
0
0
0
0
0
0
0
0
0
0
0
0
0
0
0
0
0
0
0
0
0
0
0
0
0
0
0
0
0
0
0
0
0
0
0
0
0
0
0
0
0
0
0
0
0
0
0
0
0
0
0
0
0
0
0
0
0
0
0
0
0
0
0
0
0
0
0
0
0
0
0
0
0
0
0
0
0
0
0
0
0
0
0
0
0
0
0
0
0
0
0
0
0
0
0
0
0
0
0
0
0
0
0
0
0
0
0
0
0
0
0
0
0
0
0
0
0
0
0
0
0
0
0
0
0
0
0
0
0
0
0
0
0
0
0
0
0
0
0
0
0
0
0
0
0
0
0
0
0
0
0
0
0
0
0
0
0
0
0
0
0
0
0
0
0
0
0
0
0
0
0
0
0
0
